key paths
p1 start: 96, 917
p2 start: 746, 660
p3 start: 1560, 375
p4 start: 1890, 60


chains(points and their nearest neighbours)(control points in brackets):
96, 917> (460, 577 : 538, 808) 235, 665
96, 917>(15, 1190 : 525, 900) 746, 660
96, 917> (310, 880 : 520, 630) 670, 610
746, 660>(640, 800 : 840, 915) 1020, 900
746, 660>(870, 630 : 960, 535) 1090, 550
746, 660>(700, 660 : 680, 640) 670, 610
1560, 375>(1545, 435 : 1528, 455) 1495, 460
1560, 375>(1460, 200 : 1550, 260) 1425, 300
1560, 375>(1580, 90: 1720, 0) 1890, 60
1890, 60>(1720, 0 : 1580, 90) 1560, 375
1890, 60>(1920, 300 : 1450, 120) 1425, 300
1890, 60>(1540, 0 : 1565, 255) 1600, 420

235, 665>(445, 560 : 600, 330) 770, 390
235, 665>(175, 900 : 110, 785) 670, 610
670, 610>(690, 440 : 710, 400) 770, 390
670, 610>(850, 580 : 860, 770) 1020, 900
1020, 900>(1125, 890 : 1365, 1060) 1395, 880
770, 390>(865, 380 : 935, 345) 1020, 280
1020, 280>(1150, 75 : 1190, 57) 1425, 300
1090, 550>(1270, 570 : 1400, 710) 1395, 880
1090, 550>(1500, 575 : 1350, 630) 1425, 300
1495, 460>(1530, 500 : 1600, 455) 1600, 420
770, 390>(900, 400 : 930, 530) 1090, 550
1395, 880>(1600, 500 : 1550, 680) 1560, 375
1395, 880>(1550, 560 : 1490, 660) 1600, 420
1495, 460>(1390, 490 : 1360, 695)  1395, 880
1425, 300>(1435, 380 : 1455, 430) 1495, 460
1020, 280>(1250, 200 : 1240, 490) 1090, 550


chaining rule: no overly sharp turns

Impossible paths:
96, 917 >< (460, 577 : 538, 808) 235, 665 >< (640, 280 : 320, 660) 670, 610
746, 660 >< (640, 800 : 840, 915) 1020, 900 >< (850, 580 : 860, 770) 670, 610
1560, 375 >< (1720, 0 : 1580, 90) 1890, 60 >< (1540, 0 : 1565, 255) 1600, 420
1395, 880 >< (1550, 560 : 1490, 660) 1600, 420 >< (1530, 500 : 1600, 455) 1495, 460
1090, 550 >< (1250, 200 : 1240, 490) 1020, 280 >< (1150, 75 : 1190, 57) 1425, 300
235, 665 >< (460, 577 : 538, 808) 96, 917 >< (310, 880 : 520, 630) 670, 610

any of these points with this intermediary
1560, 375 >< 1395, 880 >< 1495, 460
1600, 420                 1090, 550
